%YAML:1.0
camera_model:
   width: 640
   height: 480
   fx: 5.2534662641421869e+02
   fy: 5.2295955591683764e+02
   s: 0.
   xc: 3.1649054787639386e+02
   yc: 2.4370955098375637e+02
   extr: !!opencv-matrix
      rows: 4
      cols: 4
      dt: d
      data: [ 2.8304249633955941e-01, -8.8200439496896299e-01,
          3.7676941558638249e-01, -6.6850754665667256e-01,
          8.6596614818377682e-01, 4.0388129228719183e-01,
          2.9492801145394970e-01, 3.3906033146112541e-02,
          -4.1229792076315847e-01, 2.4279239896640420e-01,
          8.7810151778624934e-01, 6.5130988471421722e-02, 0., 0., 0., 1. ]
