%YAML:1.0
calibration_time: "Sat Aug  1 18:15:01 2015"
nframes: 11
image_width: 640
image_height: 480
board_width: 8
board_height: 6
square_size: 1.0800000280141830e-01
flags: 0
camera_matrix: !!opencv-matrix
   rows: 3
   cols: 3
   dt: d
   data: [ 3.7898198075594439e+02, 0., 3.1278558002178613e+02, 0.,
       2.7794235871180894e+02, 2.6435403490177254e+02, 0., 0., 1. ]
camera_model:
   width: 640
   height: 480
   fx: 3.7898198075594439e+02
   fy: 2.7794235871180894e+02
   s: 0.
   xc: 3.1278558002178613e+02
   yc: 2.6435403490177254e+02
   extr: !!opencv-matrix
      rows: 4
      cols: 4
      dt: d
      data: [ 1., 0., 0., 0., 0., 1., 0., 0., 0., 0., 1., 0., 0., 0., 0.,
          1. ]
distortion_coefficients: !!opencv-matrix
   rows: 5
   cols: 1
   dt: d
   data: [ 1.9916079703161105e-01, -9.6782784922223319e-01,
       2.1998898201858528e-03, -5.5871833352509571e-03,
       2.2167072650184774e+00 ]
avg_reprojection_error: 2.2972778765408852e-01
per_view_reprojection_errors: !!opencv-matrix
   rows: 11
   cols: 1
   dt: f
   data: [ 2.32736215e-01, 2.34252140e-01, 2.29434282e-01,
       2.32024103e-01, 2.31975406e-01, 2.31030539e-01, 2.31519088e-01,
       2.26858929e-01, 2.28427768e-01, 2.24744678e-01, 2.23751590e-01 ]
# a set of 6-tuples (rotation vector + translation vector) for each view
extrinsic_parameters: !!opencv-matrix
   rows: 11
   cols: 6
   dt: d
   data: [ -6.6846149498333562e-01, 3.3574859989308897e-02,
       6.5310588976672246e-02, -3.2398666713737467e-01,
       -3.8651029633123918e-01, 1.2601222359874003e+00,
       -6.6837753923055032e-01, 3.3645596702692952e-02,
       6.5275734055996376e-02, -3.2400208299163091e-01,
       -3.8649125721588895e-01, 1.2602250294255404e+00,
       -6.6848507995746587e-01, 3.3756222578252240e-02,
       6.5223788441631875e-02, -3.2401786020372608e-01,
       -3.8638622865650135e-01, 1.2601774822510432e+00,
       -6.6857759161026886e-01, 3.3810394605924443e-02,
       6.5199384725753484e-02, -3.2402908661910640e-01,
       -3.8636528424684102e-01, 1.2602463435040616e+00,
       -6.6855924479690576e-01, 3.3819525042510658e-02,
       6.5159363792864841e-02, -3.2403438633273113e-01,
       -3.8632736086892949e-01, 1.2602341783756845e+00,
       -6.6849364483368956e-01, 3.3948243452000731e-02,
       6.5093941854894713e-02, -3.2404820793002498e-01,
       -3.8630322209534246e-01, 1.2602817740923578e+00,
       -6.6861925542178069e-01, 3.3954717956654432e-02,
       6.5079832362401085e-02, -3.2404080377532973e-01,
       -3.8623753827215573e-01, 1.2603022517545710e+00,
       -6.6847272398768798e-01, 3.4044937604721312e-02,
       6.5050780766597607e-02, -3.2404679322339824e-01,
       -3.8623809186969338e-01, 1.2603293167769221e+00,
       -6.6851847720484681e-01, 3.4036104180517231e-02,
       6.5037901166703493e-02, -3.2404577745852797e-01,
       -3.8619794622359488e-01, 1.2603278726124891e+00,
       -6.6854647078548579e-01, 3.4199745727935174e-02,
       6.5001543994809813e-02, -3.2405461199247243e-01,
       -3.8614898788219038e-01, 1.2603618511718964e+00,
       -6.6847149041138132e-01, 3.4176016766719892e-02,
       6.5008013047313240e-02, -3.2404429619152797e-01,
       -3.8616216983202367e-01, 1.2603584258498288e+00 ]
